iLevel = 2
3.48087,
6.83191,68.8044,36.9827,4.30804,77.6387,5.51903,74.9669,71.4903,62.3567,46.593,7.48975,64.0657,57.4409,14.6554,79.4388,78.1065,
87.2036,9.54176,7.61053,56.36,71.331,17.2903,2.8371,1.96042,15.2465,5.72023,90.3111,4.92032,0.579102,6.38275,69.8369,7.94221,
2.41739,63.6048,55.7841,7.4687,3.22153,52.2689,10.1676,64.7133,4.7533,52.7004,5.82019,61.5357,0.736603,79.3606,88.0299,59.7449,
66.903,4.16118,60.6877,13.617,1.85164,46.3077,11.7199,74.6274,4.54201,0.249908,5.48381,6.42163,50.1648,16.4985,79.2064,77.146,
66.1602,64.287,1.83372,0.270157,4.42755,59.3963,72.6425,8.2803,3.80316,1.09564,16.31,59.918,59.8162,67.057,4.55774,13.8465,
4.65068,8.44824,60.7171,1.33951,2.56552,1.25356,75.2574,52.4766,84.0771,7.8172,77.2997,58.1138,13.1678,56.4685,80.5322,63.8789,
61.2818,52.728,78.7456,4.34685,1.47241,3.02608,10.5189,71.5979,53.7383,89.6497,52.5037,6.73009,11.3987,1.3101,49.448,3.26811,
68.5879,1.94852,4.40764,55.2409,10.4674,3.64816,9.61398,4.94406,11.7786,76.5762,65.8843,51.9439,48.3833,11.9013,10.8864,10.8206,
9.26973,2.00113,0.451431,3.92888,59.8782,5.84572,70.2983,2.62454,71.5901,87.5165,12.4038,3.93956,67.4313,14.9308,84.6313,37.8188,
54.8048,80.8337,60.4297,0.708755,0.606949,6.10742,3.09026,72.1483,49.1226,61.7382,7.09511,11.5459,51.5564,1.42816,72.4575,77.3442,
57.2003,8.29771,59.7594,3.59676,3.98692,65.7399,66.5785,68.7955,86.5757,74.7007,69.5893,50.7858,2.73195,5.94963,56.6459,5.08388,
5.4012,8.89883,76.0798,7.74156,60.0327,78.8496,76.9272,0.722183,12.0338,44.0304,81.5561,77.5288,59.2508,3.42592,63.8961,53.3444,
66.65,1.91858,59.1907,57.6809,77.2638,9.37015,82.9848,0.147491,78.7882,6.26387,56.7693,52.9864,78.6926,63.7431,0.341614,1.73691,
8.589,48.9513,59.1977,1.90891,77.2638,49.3981,79.7576,0.187759,70.3349,10.5664,2.3929,79.8843,0.302139,72.4999,80.703,65.5495,
11.3969,68.4529,60.3413,4.53922,63.9218,10.6052,60.7717,11.4836,8.66237,2.00647,12.381,58.4871,8.11508,38.769,0.186951,55.9,
0.898651,1.02982,12.9726,76.2339,10.0741,1.79552,72.8714,3.76549,52.1732,5.78255,74.2224,10.6093,12.0265,60.2645,4.10095,62.436,
16.1762,13.0937,53.0029,5.86748,1.73102,50.8288,6.78583,64.9426,5.62279,44.9318,44.5733,5.80025,56.7847,57.5859,87.0654,63.29,
1.67393,4.47179,58.2048,71.5651,65.1278,44.9336,0.421494,3.59903,4.51624,83.4027,6.2173,75.4739,2.7379,2.53987,61.7548,11.3661,
5.47205,9.47963,67.306,3.29802,7.09375,2.78436,63.5167,8.53447,62.5404,47.122,58.4386,1.99187,53.6157,1.35692,66.0079,60.3361,
74.0706,51.2635,72.3524,7.14674,6.93636,63.8676,56.5022,78.7363,80.6976,68.7666,59.8672,4.2252,5.15508,2.71982,79.4645,0.460449,
11.6601,0.112762,54.1692,9.9987,12.2124,1.5746,72.6126,80.228,1.7236,69.5683,4.21259,73.2369,52.7928,59.9529,4.30742,12.9339,
70.1021,3.48357,12.7304,84.0624,68.5807,71.3144,3.86546,2.06502,68.7366,51.7664,36.5322,60.8167,7.49078,81.6282,3.22325,1.81676,
3.56058,0.456177,73.291,80.1163,72.4526,66.8734,45.399,87.9103,70.6246,1.58421,55.1709,79.0786,54.0232,0.114105,4.46983,1.84685,
7.56064,74.608,5.35982,11.4223,80.3744,66.9597,1.92477,68.5251,63.9985,2.03284,2.71533,1.73097,46.5014,65.8423,1.16867,0.21048,
86.2766,2.97438,7.28511,63.723,62.1433,54.5709,81.1411,5.54448,89.9547,6.70299,75.4738,7.97066,4.19936,67.5933,7.81494,61.9212,
6.7984,58.396,5.09862,57.2032,6.72112,74.374,1.87701,52.8707,5.74992,8.11916,2.16762,74.3855,4.01678,2.31453,2.80359,1.63847,
8.0141,84.6488,2.63611,78.4744,68.8793,54.5133,1.51546,50.0673,5.74396,72.8921,55.8151,92.5608,78.0276,0.184402,0.427109,15.7868,
79.0941,67.3759,65.124,58.6974,7.2598,41.7021,4.35713,41.0693,64.3457,61.349,8.8959,2.28922,4.17798,52.1484,50.4063,4.39957,
89.8994,8.94716,69.3887,62.2932,82.3607,11.026,70.5788,92.1446,65.0619,48.5854,61.8091,64.9702,4.34012,59.7806,65.9823,50.4855,
2.57108,9.16472,5.97519,63.1055,40.0771,63.2524,0.358871,79.9509,60.9472,5.80199,95.0968,1.53389,8.05598,58.3529,4.54918,53.7848,
7.35765,0.584869,63.2063,13.4121,73.4379,10.6118,5.82231,65.7895,8.98409,11.4754,51.8231,62.7658,62.0486,48.7355,57.9243,94.1921,
47.8345,3.96114,4.89803,83.6163,65.2306,63.2591,71.1698,4.84911,52.0007,75.629,50.45,5.32751,53.833,0.724518,2.88399,9.90031,
3.58734,0.451172,53.2007,5.75824,11.175,8.46017,8.22476,76.1444,8.21904,58.5036,9.3306,15.9653,5.76996,1.90511,49.3278,63.5316,
11.9696,0.449799,69.2916,72.569,84.9831,83.2655,58.9595,8.20703,8.59628,76.2333,40.6848,81.3815,0.1651,2.20638,55.1056,7.75037,
56.0164,77.2794,49.2853,78.6558,6.18958,74.808,79.0718,3.2681,40.8356,72.5223,47.8953,59.8372,59.9346,4.68726,86.3085,1.91124,
60.5457,13.7624,48.7962,58.0908,5.16949,6.83093,81.7467,66.9202,1.03633,79.9876,57.6788,1.82254,42.2545,63.4325,9.14584,12.9772,
63.5562,82.0551,9.62643,66.5494,15.7401,5.36852,14.6937,57.7748,5.02888,7.56339,4.15334,56.7037,56.4939,67.7737,4.30853,15.2135,
54.3997,40.5984,2.93007,8.75201,2.8515,51.5616,12.9198,81.5964,13.9725,75.4968,10.2368,57.7293,4.88155,56.7409,14.858,86.9311,
79.9286,67.1549,69.0785,2.84186,71.0755,70.563,3.2184,3.53714,2.84438,3.45485,50.9934,75.3692,2.86029,9.1127,61.6748,3.63358,
85.9879,5.01561,4.02792,4.97722,62.5761,10.7387,5.53542,66.2659,8.10045,87.7298,3.0209,4.65181,7.93227,0.991867,55.0072,65.3589,
76.5609,4.5786,2.8768,2.56064,62.3183,0.440933,51.8879,51.954,2.78682,72.4068,16.5648,62.2136,42.3339,68.0735,4.63635,79.839,
77.9001,59.6733,4.73405,72.1032,2.37514,5.72507,13.6637,60.5198,71.7154,56.1729,5.31433,12.2705,79.647,5.11719,56.5157,59.6782,
1.19089,1.81766,8.8308,57.7727,72.529,7.43208,46.5512,93.7789,69.4566,54.104,37.5431,79.2657,79.2271,2.63396,53.5013,50.5464,
0.749054,47.3584,5.97911,62.9834,4.08133,3.64835,9.32005,52.0742,64.2132,56.6297,8.64554,4.03215,71.9969,0.173843,9.33452,16.4569,
7.63072,59.3937,0.837906,47.2907,56.4569,62.3864,55.0648,55.3697,63.1792,79.458,58.8504,3.6105,77.2562,6.75691,77.0261,12.781,
2.57994,52.5976,10.8396,3.62749,12.315,52.3167,73.4118,8.89326,64.6611,8.12964,45.5312,67.355,4.37657,54.5328,0.560577,6.61266,
5.32149,7.96194,87.0631,6.82365,2.02542,9.27135,12.9875,2.73729,2.78113,2.39532,68.61,5.82367,4.71628,59.629,76.7847,74.3336,
87.9934,59.6177,58.6862,0.373642,62.2927,79.4032,77.7797,57.6506,2.06384,67.2313,94.4907,59.4352,83.7922,51.5992,4.09619,63.7649,
7.20784,52.7372,10.6597,2.02144,0.559433,5.3378,9.813,75.422,11.6556,78.2519,55.4374,76.0485,83.3856,60.1643,49.6079,9.25664,
90.1898,56.8737,91.76,12.0581,90.0551,1.67351,4.28006,0.786758,59.5291,61.9116,54.6087,2.2388,0.298111,6.44296,12.2046,49.7107,
8.08708,72.8327,58.0345,62.5303,1.08392,73.9934,4.27547,7.99908,57.0169,58.6496,47.3473,78.2508,55.2453,38.1169,74.2079,78.1881,
6.49356,57.92,0.872574,14.8452,2.96497,4.62164,12.2626,5.60918,50.7157,2.31505,72.9733,0.155289,84.0001,3.26659,75.0396,2.10449,
0.639618,12.7711,6.65117,2.26782,6.77866,1.3466,5.57327,63.429,5.61224,0.535629,59.579,10.4375,71.5332,7.19423,70.5188,1.71085,
1.81529,77.7934,0.206207,0.123901,8.82811,56.3504,74.2322,52.8184,4.44499,78.203,10.1245,6.30168,58.1696,2.20811,0.240891,6.05417,
53.5657,77.1307,57.6348,1.83749,2.32692,61.4214,55.4224,61.2843,68.5961,5.40259,62.1373,8.39224,10.076,11.8193,74.5741,80.7748,
86.1347,4.58603,5.96631,9.98888,3.66818,58.9098,6.86295,8.66478,61.5738,60.1002,7.4104,3.13052,4.14313,54.3946,51.5665,78.3435,
5.4543,72.1958,68.8658,63.1552,0.233597,7.71371,6.44897,66.898,74.7553,41.4235,5.17378,56.241,49.9227,5.36308,81.7181,4.47171,
2.4359,11.3311,76.9153,51.3388,51.2623,83.6863,64.6258,60.3183,48.5352,2.05043,8.55838,2.90039,1.85379,55.4948,3.15483,5.76544,
4.06544,10.7359,83.239,65.7897,2.84073,5.65327,6.77274,1.51776,1.80168,10.0477,8.02615,0.0302429,11.5825,76.5562,78.3055,6.81755,
4.22285,7.17389,0.984726,3.38808,6.84261,4.06282,5.30083,78.2285,77.1912,50.3296,81.1033,58.5509,13.289,5.86095,65.6611,7.26047,
14.0187,10.0924,64.5882,11.4917,47.2091,8.84137,80.3062,5.30775,4.57077,14.8602,2.02779,3.60753,83.9045,0.495056,56.1878,69.9678,
67.8614,70.4575,0.696625,14.112,11.204,56.3972,68.8595,55.2059,4.56462,4.36885,3.85541,1.64182,7.24298,70.681,58.4326,6.10455,
14.1651,82.0843,11.6967,9.20177,6.7207,3.38455,0.722946,62.9106,63.8636,3.03387,61.4085,2.09497,77.3146,6.53053,0.905167,53.8857,
1.5051,54.0154,67.5186,50.1447,8.62376,7.32385,81.698,65.1684,67.1117,10.535,70.9148,0.233337,49.2111,5.24567,2.63806,64.7923,
4.86165,9.83864,61.5061,9.15479,5.30052,76.4469,1.89432,2.85495,65.4831,13.4691,11.722,64.953,5.8674,6.87529,7.04196,75.5179,
65.955,3.69899,2.35706,60.0758,10.4305,1.49928,55.5097,57.59,1.45467,60.2651,65.7471,9.78973,2.08333,1.37407,4.33884,3.99437,
69.2927,81.4215,3.092,1.01488,6.77614,12.4078,6.91522,1.14668,51.5215,2.78151,75.4426,51.7386,56.9162,63.0876,2.97459,4.63335,
10.528,1.842,0.381989,11.3314,0.127411,2.537,52.3961,2.96548,59.6336,69.2373,1.32712,50.0229,10.8914,57.9516,62.7939,1.92876,
73.6332,3.96614,69.0033,11.1394,4.40179,69.8897,7.79164,0.908844,6.08092,5.07838,9.20613,63.0625,13.2905,72.3799,19.0994,0.499207,
72.8582,2.67888,11.9314,62.832,84.3756,3.07629,71.5022,3.20233,4.48692,5.62144,1.13425,3.24406,61.5047,7.57938,6.18556,10.4756,
1.30838,2.69064,67.202,17.4252,47.6324,1.95895,64.0059,55.9551,11.8655,65.6915,53.6051,4.68053,11.6829,62.4962,1.80061,5.4774,
66.9068,4.94838,72.153,10.8,8.15068,0.946579,3.0266,48.345,8.9006,6.20769,6.41226,61.5935,55.6741,70.2393,62.0324,4.46797,
74.358,68.8521,61.7242,3.57629,59.4539,56.7698,17.5547,55.4985,11.5129,60.0699,5.12907,63.441,7.78693,70.6272,8.65701,0.913986,
45.328,58.2301,8.94975,62.2398,2.57672,11.9973,6.51653,66.8595,5.522,48.2298,4.36253,67.6009,72.1732,83.0563,6.61801,6.84952,
72.2777,5.07866,3.39272,54.3611,67.8723,83.1715,65.9691,1.11436,75.2367,4.84943,0.702423,1.29094,5.65245,64.8886,77.6285,4.59914,
61.8348,79.6217,4.40335,64.6903,1.15102,96.9497,61.2066,15.4289,17.2398,60.0722,55.2812,3.94489,1.50215,3.11282,67.2153,3.60684,
50.5249,58.8666,4.1282,9.85364,73.7273,0.66922,3.88593,83.2941,73.8026,1.05124,79.1296,1.09215,85.0352,0.955246,2.22792,14.1818,
80.0443,78.1272,74.2067,76.0647,79.6108,3.52267,6.38632,77.7856,4.37239,56.9904,59.4893,64.0884,0.627548,61.2976,0.0450134,89.4691,
65.438,6.646,63.1904,0.365829,56.7344,82.7885,55.22,0.259491,57.5478,63.7934,62.4014,60.7694,51.284,62.3943,85.1074,67.1413,
50.3474,61.7229,74.1993,53.7154,2.03456,66.8268,68.6369,2.40359,65.7922,55.5882,3.92685,5.86996,0.411072,4.7057,63.5754,58.1949,
2.98578,60.6809,10.5403,55.2974,78.3899,56.8038,77.4628,65.4283,76.8973,79.3704,6.87816,3.54359,70.1065,67.0599,90.1599,70.2819,
85.5364,76.1377,5.69579,4.81975,0.2173,7.75522,64.8262,71.8163,88.7469,60.2234,78.9531,1.80388,79.571,76.1625,46.6294,69.6598,
2.89279,68.0229,67.8284,67.6613,4.71054,1.09779,10.8554,70.9742,63.8053,7.95244,93.4985,1.0433,9.03493,1.34662,2.81079,0.0186157,
4.75279,54.8996,67.4792,11.2887,70.0701,65.5365,64.7941,1.47252,51.7165,71.7872,58.8927,59.9878,65.8228,9.33096,7.54509,4.85905,
90.0435,2.69427,63.1497,66.9736,90.7884,66.922,12.9626,58.2104,18.0449,68.7519,1.9429,4.99559,44.9669,63.354,13.4323,3.6451,
5.86591,49.9986,5.14412,45.87,44.3272,11.7665,3.77812,71.2179,70.1258,11.7843,10.1602,15.6085,4.5117,6.14223,6.18019,5.40282,
66.7514,10.6269,2.74374,68.6024,3.73868,1.12151,67.398,58.7784,9.22935,52.0915,66.0482,3.12444,80.7883,62.4874,75.8923,12.8363,
49.5437,53.0971,7.33093,51.6616,4.6123,2.87556,2.9991,11.565,0.266968,57.1519,69.7945,64.5341,1.64059,4.73898,61.3881,3.67914,
46.473,13.5342,72.4125,65.6622,61.9545,80.2563,4.50206,72.5936,40.0623,47.369,11.7706,5.44724,66.612,6.32993,65.7631,4.58344,
5.12059,59.4999,41.2921,69.3308,7.70592,3.28682,2.95789,3.75919,3.98946,74.5151,0.249756,3.44844,6.29198,6.18059,8.9053,0.819305,
62.0799,58.9736,77.3194,1.9437,55.5389,11.3205,65.9467,4.06996,6.78136,76.7202,73.4133,43.6853,6.63808,0.758484,55.6611,68.0162,
5.10013,12.8456,0.695679,49.2934,3.4223,1.90271,64.3189,7.48351,83.618,59.8507,88.5712,2.2139,54.1022,3.20729,66.7993,54.224,
90.8043,5.21843,79.7057,4.65778,2.55527,8.45683,41.5465,51.8513,2.85693,53.5062,4.75752,10.6818,69.8932,80.6531,66.579,56.4727,
62.2453,61.9891,2.51846,5.40848,71.6991,75.179,4.73322,83.9861,1.86075,65.8537,82.1405,60.9893,52.0256,69.8441,14.5763,53.8879,
60.4346,72.9313,1.00125,8.4171,84.6653,5.81476,2.43599,8.89221,60.1449,71.4315,62.0219,9.90871,70.8832,11.6734,81.3409,14.4165,
1.00391,4.94048,79.0938,66.339,7.53664,2.88005,0.696487,56.1757,66.4273,11.2305,9.00137,70.5198,3.41486,87.5727,3.81041,3.64177,
98.0778,64.5186,50.7,4.60962,70.4116,73.3353,67.2358,66.7033,0.0672913,65.7743,47.5186,3.439,11.504,71.1929,3.47818,72.0656,
4.91634,3.11821,2.2679,60.9316,15.6148,86.6769,7.81715,67.0561,1.11449,48.6576,52.998,12.6939,7.09639,47.4274,37.983,60.9901,
62.0039,4.85965,1.47632,79.2505,69.7502,79.6431,49.5604,74.8909,83.016,9.69766,68.1077,9.58997,61.6169,1.90155,69.7771,0.0201263,
1.39375,2.87868,95.6799,0.23558,44.0556,6.54082,5.55824,2.69798,3.73784,2.49768,73.6697,3.67993,67.9411,1.09624,64.1302,66.0909,
68.5134,11.2417,5.05392,67.0878,75.369,1.44788,69.7776,63.5804,0.951752,2.25682,76.6763,47.2464,11.5711,50.572,10.6244,62.6664,
5.97783,1.82268,62.0463,55.2702,9.25238,56.2928,10.0983,54.3615,75.0717,64.4023,83.1277,1.03777,81.1619,7.53157,15.3711,78.4933,
2.55,1.41867,8.14378,47.6737,59.936,4.98039,6.12859,0.576981,11.885,53.7178,12.8319,69.8256,68.7445,7.04132,6.56731,11.2911,
12.2743,7.36932,1.55038,70.4988,1.14912,62.7623,85.8526,3.8846,0.122452,3.78558,74.379,49.0976,1.41615,8.666,9.22041,64.9843,
6.86307,12.792,10.7538,56.9806,4.194,61.1127,12.9796,8.12152,4.16757,4.9351,4.51588,59.3461,64.4546,58.0328,3.96947,54.3497,
63.8349,0.76004,3.93024,65.7558,12.2986,68.1665,12.5222,7.63892,83.2802,5.83661,80.6666,54.3677,13.8911,78.9834,6.83746,1.53325,
4.53131,46.2048,2.34248,71.8875,19.3563,79.4921,57.1817,8.03354,8.47145,10.0369,6.18741,87.8798,59.1077,3.18024,6.31183,80.0434,
0.570541,58.8648,64.6752,79.9898,3.29247,3.256,4.55919,4.52431,92.2412,3.59831,5.89639,58.6585,6.10655,7.68402,67.039,5.47636,
15.838,1.88033,0.78331,62.8421,5.1646,1.2442,4.73149,84.4575,48.2898,13.8167,6.46629,3.87415,69.5378,5.03175,72.087,8.09917,
3.40846,0.669098,4.83902,79.0573,66.9733,12.3673,12.4401,62.6948,8.6752,63.8873,8.57034,10.9592,70.5537,57.3576,60.936,62.7967,
4.24883,57.3921,66.1612,55.4575,50.2076,46.9895,4.30431,4.20119,55.7272,8.78651,0.567963,12.766,2.74124,8.59926,0.384033,5.38748,
65.4174,62.6381,64.7472,7.80617,7.13361,9.21886,53.1299,86.0079,6.99388,5.93867,5.70207,12.5755,53.603,59.4419,57.5898,69.7405,
15.8565,75.8898,75.1641,84.3276,45.2522,3.58208,61.1748,64.1868,7.27037,9.17281,3.84004,4.33054,1.34848,11.0075,11.7937,72.136,
49.8629,11.1179,5.55571,69.7655,77.472,68.2805,71.9629,7.09343,61.8777,41.8502,4.58705,55.7051,85.7877,12.3514,59.7006,7.42538,
7.69128,8.75925,51.0658,9.10712,48.4622,56.1907,66.1707,66.8349,54.2253,55.7443,50.494,58.8803,48.6844,2.70343,60.5006,56.6517,
90.127,3.2518,76.8981,45.3755,46.7562,0.903015,91.552,3.57501,4.86282,4.44238,41.4474,41.7518,86.2901,79.2721,52.756,51.6994,
49.6934,6.55432,51.0182,62.1016,67.5214,2.88007,53.7453,3.82503,2.44658,8.59308,3.98621,57.461,61.7018,74.5697,55.4588,3.81833,
60.3046,5.20154,0.451096,7.01602,7.94835,6.23726,13.2051,69.3697,1.26903,73.2258,4.97879,8.47957,3.91463,50.8135,5.89851,8.54247,
2.32487,61.1575,69.0002,53.5986,76.0276,7.3952,18.2394,61.933,53.5345,86.4911,66.9297,61.2284,9.78998,10.1776,66.167,70.1529,
50.2444,85.9776,1.76598,60.7369,50.3545,9.3801,4.68707,2.18454,1.17807,77.1249,72.2145,66.3655,51.2285,66.5228,52.292,6.08359,
17.8723,14.446,3.37393,56.1103,82.2812,7.54153,71.1501,0.712326,84.3037,2.10083,0.797165,12.3147,55.2447,77.3881,57.4884,69.6509,
52.646,70.834,8.37766,5.69673,50.1465,63.923,57.5174,7.20885,60.79,66.9798,2.5146,60.0292,5.70865,62.6512,72.0122,8.0144,
64.698,6.63326,12.4853,94.9362,0.175186,5.28221,78.0655,2.09882,11.5359,101.696,6.28969,61.3728,84.139,9.98299,9.086,7.19179,
59.3143,47.382,10.7334,0.900208,0.624207,3.06844,63.1213,53.2018,62.7967,69.8191,13.1338,81.6435,75.0782,76.975,79.9082,61.1296,
2.16449,13.3965,83.7228,53.3467,72.0389,13.9037,72.9075,86.0244,64.1389,2.5383,60.5576,6.22278,1.3981,4.54503,6.41902,67.3394,
82.103,46.577,13.9201,75.3126,3.65309,3.42694,81.902,7.63605,3.28555,5.95015,3.57648,66.6417,2.88963,69.2259,74.292,3.68773,
5.59015,0.555969,51.5341,1.4178,81.7108,75.8811,62.0013,6.32379,4.22581,48.4324,78.7796,44.376,52.574,61.4272,68.3326,66.2895,
50.5101,83.229,55.9719,79.8256,3.65851,73.0632,7.112,66.2205,3.48126,43.7024,7.1911,84.9429,0.516541,89.4958,74.3587,62.9288,
78.2635,81.9425,3.45728,65.8574,0.195724,61.8065,1.95384,0.525391,0.304047,56.1773,82.6976,3.14005,0.783142,53.7864,67.9297,81.3749,
3.71408,7.56352,6.15172,69.1841,59.4016,53.7365,69.7588,83.2469,0.0305939,45.169,62.4412,7.99205,64.8783,5.17426,10.9108,10.7628,
4.1203,10.6649,70.4289,55.0187,1.67685,49.4733,3.90286,3.53561,70.0036,12.9015,6.59328,7.24225,66.3633,66.1025,71.3665,49.9637,
4.11371,62.4724,49.0857,2.08846,2.38589,49.5667,63.6396,2.12915,53.6407,2.88135,5.84294,79.2825,6.5024,0.698273,70.5501,10.6265,
1.373,61.963,2.08481,67.0103,59.0091,5.44563,64.4996,77.5665,72.545,60.5709,80.2851,62.6906,59.6746,8.83936,93.2945,77.5607,
71.0237,46.5027,46.5149,70.2931,61.4882,3.69781,63.2047,11.9212,58.3513,57.0541,65.2911,6.36951,67.8482,5.40384,0.115067,8.65326,
6.96507,6.14938,1.71954,1.82985,77.2185,92.1758,0.73056,75.5011,61.307,67.3908,90.0496,2.51251,18.854,85.4519,59.2681,59.0306,
59.9187,4.86354,54.5982,36.8904,2.29027,16.777,57.9872,80.3487,64.6874,56.5776,64.0371,1.48859,0.543396,3.97311,9.5782,38.7002,
4.01404,63.8581,0.556915,73.8851,2.52225,83.5927,8.99606,10.7416,66.2456,2.0421,1.20274,4.96957,60.5088,88.8102,6.55197,13.1686,
78.0671,6.91818,73.0218,11.6996,0.000869751,1.49863,63.5405,1.66356,7.80417,49.8001,6.39679,77.2894,9.88908,76.7415,0.163239,65.0551,
58.35,87.998,19.4763,43.2953,9.38164,53.0088,66.5618,61.3404,8.22128,66.3713,5.62662,63.0496,1.00455,4.31454,5.85815,38.1857,
5.78757,45.4832,5.65878,1.53876,72.9833,22.5062,62.2052,93.0759,1.91997,3.79312,0.720581,1.75844,6.87675,57.1325,50.8541,7.83817,
70.5413,7.80725,9.86205,1.52228,46.8273,6.45183,54.4337,12.9973,5.61267,57.5966,3.95348,81.4695,62.3045,4.23399,3.58707,76.0779,
42.6827,45.1975,68.089,98.5254,2.00314,50.8373,1.07066,4.66125,75.5537,97.7633,74.3407,72.291,15.0442,3.53577,0.837082,63.2481,
3.47128,1.43105,0.716995,2.66565,76.6475,9.59729,83.9902,6.55515,8.69911,2.16934,72.604,69.1315,55.3541,51.3334,55.3191,10.6266,
1.04845,3.59163,75.3853,67.7917,54.1558,5.11761,10.6979,65.3123,60.8056,15.3053,85.1276,3.0981,4.25964,12.8443,65.7983,42.475,
11.5386,1.56184,6.13293,58.6459,13.4686,71.5708,7.08514,8.95029,3.09587,2.62344,1.116,4.29216,7.2767,76.8595,5.16467,2.52725,
52.2069,35.6809,5.3867,82.1491,1.51724,76.1369,58.4159,67.1662,50.8755,81.0779,74.7364,62.5168,4.07031,53.3122,63.654,62.7538,
10.8482,3.73119,64.2911,60.834,81.5705,79.7547,1.19292,1.88976,5.69408,56.9501,86.555,4.61154,78.487,6.53227,8.04196,88.1316,
78.5135,4.07651,41.5235,9.8696,76.5603,7.0816,12.8925,61.8993,62.0795,53.3002,6.68494,73.8382,51.4419,79.8411,5.83981,4.50899,
4.05623,6.49915,80.5938,48.811,60.6667,1.28622,81.216,5.69476,81.9816,2.16478,13.3414,1.44507,0.402588,7.147,8.42833,82.7809,
57.9779,69.2022,6.90359,47.4091,60.41,1.26089,11.4533,9.40063,57.0164,5.98906,73.7444,7.89845,2.28656,60.0197,46.0199,73.1097,
2.45045,56.904,58.7712,2.72163,54.2107,69.2867,64.1575,15.8186,4.21037,65.6163,7.23245,5.48924,55.0996,62.3541,7.48151,53.4651,
55.2358,0.337021,4.71698,5.44698,86.3084,83.6934,4.65309,84.5979,5.35669,72.3376,67.7434,2.65652,82.1345,68.6511,83.5412,4.45204,
65.0291,58.8668,0.0704193,54.8987,3.45993,3.21417,82.9512,73.4954,54.1201,74.1926,93.8943,10.7141,6.48941,9.80386,65.107,11.4985,
73.4679,70.3715,52.288,67.2505,85.1264,54.3603,66.6054,62.6894,48.0581,3.72165,47.0491,59.252,59.7369,4.60217,48.0725,58.9118,
5.61427,8.51045,63.9643,3.78281,69.2039,8.76933,2.4312,0.57045,75.2571,2.99767,74.7199,61.8789,0.341354,63.2843,1.50877,49.6859,
70.7058,1.24979,11.0853,3.02579,12.2211,63.7673,6.55635,11.0848,0.458725,51.8017,68.8621,57.5961,48.4588,13.1889,55.2502,64.0428,
54.4167,45.582,67.6551,68.8392,2.0551,83.8126,78.3022,74.623,76.1146,71.2866,89.3171,52.0755,4.46278,1.18921,72.4632,5.12192,
101.775,55.137,80.5693,4.59064,82.9257,3.45338,5.99966,0.576141,7.89792,2.39676,17.9126,8.64493,2.46947,52.804,72.5373,95.1449,
44.6535,3.19084,5.008,2.73024,83.889,11.758,3.99101,5.94302,4.62732,9.14079,70.5624,5.00667,2.69316,5.09085,5.03674,1.91525,
2.10492,13.3152,60.0588,10.7729,63.9421,71.3801,61.3619,38.1183,69.5581,4.89665,7.2384,89.5862,60.5494,7.30302,1.30246,57.8717,
55.1382,3.35014,59.3058,59.0232,3.91368,66.4482,62.4317,3.85173,69.3905,5.85719,69.9301,7.369,73.3288,0.334213,0.590439,0.278458,
72.307,69.459,0.34256,5.37451,4.57283,4.23857,8.54643,59.4326,4.08209,44.9314,7.09595,106.833,0.584503,17.4066,48.1967,87.9124,
15.1006,53.5816,79.1617,4.44518,7.67419,64.336,74.5113,67.4062,7.29898,60.2561,5.36108,71.468,85.5545,87.754,76.2616,5.44882,
59.4326,78.084,7.84917,10.1154,13.6078,3.03752,50.9134,1.4017,38.7456,1.51366,70.0214,60.5969,72.1393,63.774,64.0689,0.0416718,
0.859314,4.53322,73.7262,62.0832,3.94823,16.2349,1.75563,51.8181,4.99611,3.73235,51.9358,73.0366,1.06024,6.58232,84.7308,1.40161,
53.1884,0.469528,51.5465,3.95459,62.1499,60.5714,7.58766,44.2258,5.07483,66.3995,5.57919,74.8318,65.8811,52.8645,6.68208,1.75188,
74.844,13.7193,5.67612,46.3143,60.9196,82.7886,3.06409,5.09897,88.9281,3.80518,5.95694,74.8924,3.13106,4.27191,8.97523,8.94498,
10.0174,60.2848,85.2153,80.9249,57.4943,61.9659,2.93591,6.2205,76.9664,76.2505,7.50644,12.4676,5.00079,11.4111,0.164703,65.4668,
70.8053,68.9133,1.86116,79.4184,96.0067,2.39589,76.9171,2.72862,10.4042,86.8005,2.70433,48.2525,63.6332,4.26003,68.0339,67.9713,
75.0843,66.2704,16.5908,67.3994,4.29343,0.65831,79.0032,72.3886,2.25841,67.9425,63.1669,4.88612,46.5554,2.60789,11.2464,9.22061,
48.3185,3.71996,60.1779,4.30505,10.3872,72.8518,0.435593,8.20113,8.61206,83.3693,3.35246,2.16884,56.0764,1.6617,49.571,2.63855,
11.2683,78.6573,80.1612,62.3262,74.8847,6.7112,5.50586,10.7395,64.5924,87.9806,1.54774,11.0567,63.6057,70.2939,57.5793,10.8622,
2.49294,94.9059,42.3806,7.78442,6.60925,0.356064,75.0214,59.6551,3.13016,64.4618,67.8755,6.37186,3.59151,51.6259,62.0124,50.4758,
10.0533,94.9329,64.5727,57.5295,77.4157,9.1692,7.58968,50.6729,12.4079,75.1163,0.140915,1.98094,7.3951,0.547607,75.9682,45.3233,
9.12061,63.1922,12.3687,10.575,5.12056,16.1345,6.89297,3.2108,75.044,2.91467,6.7724,55.9961,8.85637,7.39227,4.32672,3.13753,
1.8739,68.399,8.11235,0.102554,68.1173,77.5196,62.5316,1.14297,2.81491,56.7665,58.239,78.4085,70.0479,69.8765,42.7242,0.824783,
3.59007,63.8718,1.38341,63.0948,58.0649,59.5851,70.512,2.63448,50.253,74.1276,54.9204,96.2711,3.63008,1.36343,1.86598,50.0124,
35.2238,1.58614,8.42657,7.74107,53.563,3.97249,85.5215,61.5284,5.89777,6.29037,75.6784,2.4043,4.26952,67.194,11.4865,3.02771,
8.48601,3.61461,56.8059,3.36089,64.2513,75.5777,0.639572,56.7206,74.4649,9.62631,72.8622,7.33775,72.8237,69.8722,53.2902,71.8337,
50.5474,2.6028,1.87018,51.6275,68.3403,69.4996,50.5607,5.5183,4.7115,80.6672,0.916199,72.7279,62.9156,63.5102,64.2962,72.1379,
55.2362,43.7284,81.5258,0.725723,64.6416,56.4428,68.3206,55.3443,8.44505,2.23636,4.05214,74.8231,4.27107,69.6412,62.1107,7.35014,
15.1935,9.95494,3.14903,3.08414,81.2637,63.7651,8.01604,67.1023,5.05521,1.01393,4.04512,68.9057,8.31418,71.6293,71.5168,64.5083,
3.30322,81.9024,64.8467,56.4703,1.48399,3.93028,21.616,59.8573,65.9413,61.425,71.8468,3.27844,61.3467,10.8438,64.469,67.5504,
48.0415,75.4071,73.9189,6.46078,47.3669,45.7786,9.97253,67.6926,59.7824,12.6606,59.8558,68.5519,70.0721,7.86629,78.8744,63.414,
65.7001,8.48174,65.691,7.10321,1.12523,63.4724,65.6685,1.96695,55.7725,5.209,4.5363,61.973,3.52766,8.68491,1.91621,54.9953,
0.660339,41.6943,8.00829,54.8715,71.3542,56.3508,0.700241,7.87672,3.31296,2.48978,65.1768,52.0865,67.6879,13.1837,2.74744,4.33598,
8.22798,83.0884,6.66219,6.53995,41.9981,11.3583,4.63557,5.15582,65.7227,67.0348,92.3504,2.40997,2.95026,7.87625,57.7728,4.53848,
1.0316,49.6089,73.6411,63.1881,69.0854,7.34033,45.3129,34.6409,63.4316,80.9855,6.1627,83.9912,12.4023,78.7157,4.92625,2.73412,
59.9806,77.6246,63.9298,65.9234,4.95848,12.9372,43.7126,8.54999,5.75024,4.86357,1.57474,3.50623,50.7588,64.3258,61.3101,76.4195,
64.3663,8.67447,76.5708,49.6928,69.1804,13.8137,75.1736,4.36008,46.6909,9.31541,45.1529,9.53076,13.5042,52.838,8.34427,80.1137,
87.5501,85.3213,47.7004,65.5491,75.3487,0.671722,61.8507,40.4427,55.793,15.2459,5.86661,50.8916,45.9634,2.95862,3.13708,69.545,
3.48314,74.4034,56.2396,64.359,69.9238,0.277405,1.88638,72.8222,63.5932,66.3857,2.43166,0.933487,72.3037,71.8925,89.266,10.404,
8.53165,4.49266,1.07655,7.63762,67.0963,64.5886,5.53271,3.77505,3.42244,78.3328,12.7057,41.2733,4.94835,67.8878,62.4685,17.622,
65.973,70.5932,65.1211,70.4802,4.89717,4.21466,73.4498,72.0587,2.48117,80.9761,62.9341,70.9312,64.2467,1.51279,49.5578,6.58694,
2.49957,49.8545,63.6502,70.7663,73.0721,91.5916,2.57552,68.1112,7.43576,54.5253,89.2327,11.868,3.21825,2.51776,8.54037,10.7786,
63.4249,3.39854,3.68564,59.9254,6.00841,48.8802,73.8271,70.2064,0.224442,73.5095,3.2498,68.8946,44.6446,54.1156,13.1894,62.4157,
1.22702,1.19739,12.2489,73.2988,7.84558,47.1837,76.1991,4.5584,17.6729,64.254,3.19368,0.434891,52.1756,5.02495,6.54549,8.33636,
53.5072,63.0528,52.043,59.8964,5.30907,5.44402,63.8592,66.2447,5.49393,70.3273,0.70192,5.12038,75.1597,6.71309,47.8073,2.46924,
5.33687,9.90002,67.2982,68.0799,3.617,4.806,39.5111,70.3693,42.4497,15.1373,50.7276,85.5724,4.84132,7.53571,53.3434,21.5956,
62.3594,9.07524,82.5435,63.9235,8.30742,52.7512,3.26941,50.512,77.0502,6.94382,61.0961,73.0939,4.14536,68.9817,8.55663,2.09851,
66.6532,72.6297,59.4766,10.4826,48.9349,75.2256,6.59154,9.14713,74.3641,54.5529,3.93874,39.6258,87.1154,0.918472,75.0907,77.1332,
48.5928,0.457687,65.8017,8.97351,8.0323,66.9127,68.6636,87.6534,74.5098,0.971039,1.20724,5.33968,65.9698,63.3808,0.963699,3.9135,
0.282822,2.9848,64.5067,8.67274,12.7245,7.07007,6.90579,0.463409,69.2146,61.9117,0.508362,33.5569,8.01466,6.72649,60.7755,2.4594,
4.6472,6.28491,71.6589,70.1887,6.30644,52.0778,78.6265,3.90602,6.79604,13.4924,6.16628,78.7928,1.03905,5.17406,0.291153,58.2086,
0.0345764,13.8879,72.8844,66.3027,3.69048,2.23717,4.29225,58.3925,10.2376,86.864,62.1339,57.5235,68.174,5.76996,3.17627,93.3908,
63.9257,3.06682,66.396,69.8973,58.0561,59.1816,72.5358,54.8726,66.4713,59.1422,5.54857,71.6192,70.6172,71.722,0.0178833,9.39819,
40.7937,89.8891,51.5072,65.4351,64.9474,74.1155,68.7303,3.26286,14.1955,4.16318,89.7606,1.14748,67.3201,7.43861,0.610977,51.6234,
2.96017,57.964,5.15797,90.7543,73.4218,6.4794,1.90076,9.98132,78.1714,57.2393,58.2402,66.6723,10.125,66.5557,73.6551,11.7598,
11.8029,58.1715,67.0623,86.3909,6.57755,52.5865,55.5048,6.2997,9.36052,60.7888,73.4742,54.8084,2.35704,77.0623,80.5935,64.4572,
6.81258,50.634,89.947,0.0990295,5.92696,2.21518,83.8365,64.4907,5.42363,5.37019,95.1837,64.8077,56.5055,4.8918,54.9454,68.2527,
1.79419,79.0224,74.0463,40.8697,7.88182,60.1806,85.7456,3.35167,57.9391,6.15347,1.81767,85.8386,1.29257,82.0916,8.50847,70.2273,
72.8591,1.56985,49.463,76.8771,60.3278,3.34671,13.3788,56.1527,66.7528,63.2226,54.3993,8.86879,3.20213,3.88631,77.7016,81.6846,
3.61246,2.77135,8.18607,3.10008,14.944,52.1241,51.0134,59.055,7.26408,68.393,4.20255,70.7687,12.7652,6.08231,87.0488,0.365753,
69.8055,63.9193,70.4051,66.789,63.7861,8.45033,1.14644,10.61,62.1134,57.4754,1.9756,8.27475,2.96989,8.53287,56.2032,11.8391,
6.97275,73.9099,64.8376,60.8086,1.2063,68.4622,6.99516,57.2109,9.9055,74.6598,4.93654,91.924,6.34238,6.10008,9.50426,49.3686,
8.17644,6.7449,1.27541,79.4253,68.3756,82.9178,55.5761,10.836,72.2246,65.3907,4.91631,55.1141,13.7937,49.2841,11.195,47.8697,
6.64372,57.017,4.79263,66.7028,64.2779,53.2524,9.91705,68.5543,5.70042,1.33788,75.7181,68.3776,94.2962,68.8587,61.2564,0.200119,
48.9753,74.5109,12.1409,5.86697,11.7213,44.8703,75.3488,50.4715,63.4977,5.76445,1.54997,1.17668,49.1635,59.3499,66.7563,68.2032,
7.42253,5.51663,8.43614,56.9601,83.1119,72.6759,2.1955,41.1524,68.5498,80.3785,10.2441,3.25761,0.0909576,10.3636,65.6299,87.8307,
0.851547,59.0798,65.3058,17.8091,66.3544,5.85382,2.1978,89.7854,2.65518,84.6339,55.8596,76.0246,3.69156,1.21274,1.60451,67.5486,
10.3728,52.8949,4.5229,84.3269,65.9422,7.68864,13.2731,71.501,65.8615,82.526,72.0943,70.5521,59.1241,81.7026,65.917,5.89774,
85.1652,47.9756,1.66861,3.71535,65.7906,74.4474,11.8771,55.9384,1.96738,65.2261,66.3463,70.7174,3.8947,67.5776,85.7635,1.14429,
55.2966,0.371307,66.0568,18.2746,53.5819,7.64001,10.356,11.2516,72.21,2.58894,0.777481,5.63046,13.4205,9.69612,4.39587,1.65677,
77.3094,58.8619,14.4338,9.41475,10.1278,65.8445,5.44014,2.42418,7.30829,12.1647,0.837082,71.5954,11.9317,1.97551,66.3516,57.0686,
0.591904,0.303009,7.67897,81.1336,6.15497,4.58963,91.2758,3.43561,49.9264,5.36623,69.2148,84.4928,2.40852,16.9368,56.3422,58.915,
10.6005,83.6946,13.7897,77.2451,55.7977,5.11214,1.93332,44.7238,12.4167,3.43623,55.7293,6.75331,69.4195,5.58368,75.562,2.47278,
8.18871,12.4993,1.42007,44.4115,66.7786,1.81192,57.0377,60.8382,8.21971,7.15388,79.9733,57.8138,80.4257,11.8757,50.0837,86.4134,
0.741333,63.9172,58.9122,0.701843,76.6072,6.80569,0.444199,94.9435,4.3074,51.8403,0.205704,62.7449,58.8011,59.1848,5.26132,0.703568,
8.74788,51.7475,6.54697,9.91437,71.9585,68.8728,8.53783,12.4149,69.5341,1.88133,6.6571,11.5449,52.7003,3.47844,74.699,54.2976,
52.4786,52.077,9.23035,66.329,70.0013,71.6942,70.0376,6.36317,0.96489,10.2403,8.83264,80.2225,54.329,12.6286,52.6305,11.3804,
3.96404,1.87167,4.25574,1.15009,7.5407,9.54904,3.2906,50.833,68.9742,3.02396,1.83533,80.498,72.007,7.20363,72.8886,1.73868,
1.88693,92.224,71.6062,54.6804,7.07594,10.3643,13.318,49.7058,50.1988,7.48914,3.64273,85.8299,34.6881,72.6815,74.7952,54.9599,
0.806931,65.6758,9.04933,9.04146,70.2359,4.44652,16.3302,2.0631,74.4545,20.6793,91.5867,84.559,11.6624,56.5878,56.9692,10.2775,
7.46761,81.071,17.4288,6.213,48.5372,50.4848,51.5243,62.9857,64.3086,62.2904,82.0734,5.14656,46.0018,6.62221,55.6046,2.37859,
3.3123,7.85776,0.610245,2,9.12212,7.44872,16.9468,4.26448,74.8615,4.0849,79.9517,52.4235,62.2871,53.37,68.0363,4.10558,
6.44664,6.24728,68.1543,11.0906,67.1818,59.927,83.3318,4.90829,9.78836,68.7458,64.4435,48.3907,68.6597,62.8688,48.1395,71.5001,
78.0732,13.1216,2.88913,3.40248,66.9649,75.278,4.06172,1.78091,5.81161,67.7774,83.6419,12.9962,4.76633,60.9411,62.3621,64.3197,
79.3605,60.1677,7.45074,15.7059,58.1474,75.6372,73.4353,9.1039,2.11369,0.566681,5.4968,2.34979,68.4733,74.9242,51.4093,6.74858,
5.0782,0.401199,54.17,3.28601,6.41725,4.47357,9.21503,8.69667,9.1472,6.45595,86.4723,75.8302,3.66513,7.0974,6.58308,0.183014,
59.6063,62.6973,2.45221,1.76743,15.3931,59.3569,74.6305,72.9065,63.3085,2.78185,76.5021,6.819,69.5228,83.6716,0.524582,4.911,
5.74391,5.98293,1.92041,60.6196,10.9061,64.7912,95.5792,10.2989,76.6473,7.72134,78.9493,62.0441,61.8358,79.1927,13.403,9.09366,
10.4825,53.5759,62.7044,4.65271,61.8005,5.72542,49.0326,1.14548,7.65671,7.72241,50.726,2.48283,58.7745,80.5988,58.006,60.6323,
5.28043,84.8972,12.1455,3.39136,5.78502,66.3838,2.56219,4.97821,4.74144,79.7664,60.3413,55.4603,69.0914,0.0417938,3.17384,64.9789,
2.29665,10.4776,55.225,11.9069,85.3884,15.2658,0.4758,82.128,0.142166,0.855942,1.76073,12.0249,82.1503,73.2209,12.2891,16.7443,
43.8698,63.7306,63.3327,4.64578,68.3329,2.31146,2.16307,82.6173,58.8686,4.49962,86.7565,7.24039,6.15685,56.2772,75.1556,67.0179,
2.89716,66.1579,5.86618,8.95026,62.0792,2.55072,3.61157,52.8591,71.7064,42.4369,64.0349,63.5346,10.0187,4.89146,11.6346,84.1199,
77.7107,9.72348,60.9452,5.69598,0.238312,3.17792,86.1203,55.3367,7.60846,84.225,78.502,1.75993,71.3668,1.79791,7.17261,5.71756,
4.91225,10.9254,8.27391,79.4999,14.0779,6.67438,10.9905,56.1496,57.9672,5.28508,1.46342,4.36264,19.9447,52.2189,0.329819,1.66516,
5.71596,73.6385,10.4335,66.4852,65.2608,55.254,77.0409,79.7294,54.4713,68.23,9.1796,62.3737,5.79619,2.65604,56.184,13.6058,
10.8592,2.30486,9.9577,70.6751,87.6454,2.83263,2.53078,72.6797,44.7048,2.29272,71.9413,67.9271,1.61656,74.0259,71.9918,1.09317,
72.6027,62.5828,1.0443,3.71339,6.26573,4.04355,0.226624,7.99501,2.25859,6.09146,1.17682,2.47047,8.99127,91.8995,5.66656,45.5788,
47.3566,60.8698,66.8244,5.56839,58.7654,2.83359,3.25674,9.6183,83.6158,72.4495,63.5838,68.3258,55.9899,13.8772,82.9765,1.48337,
6.26352,84.2196,0.901382,5.75192,5.13141,76.1967,80.6685,74.1756,0.847366,2.66786,0.0861664,2.95639,66.3457,78.3421,77.4546,4.5162,
21.0304,78.497,50.8049,80.0978,65.9846,84.4252,41.9553,68.8135,60.6525,68.6171,66.1989,11.7226,8.73935,89.5463,1.30498,49.2771,
17.6367,6.97646,78.9498,8.04683,93.2884,5.3474,77.3456,4.7023,8.47787,10.3458,62.8468,5.7467,74.896,78.9449,7.85857,47.6379,
3.15498,63.0987,16.8283,9.19229,44.5827,14.7299,4.76859,72.4315,5.97209,8.20667,81.3469,1.77098,82.7535,0.650726,64.4544,12.9167,
10.5245,64.7622,57.6359,61.5792,0.542862,7.40237,62.0086,64.2096,2.07899,1.48366,2.77721,66.7592,2.80879,0.244659,4.58856,71.5971,
13.0893,6.06801,73.4157,6.24258,8.33015,64.3858,7.62195,70.0928,72.6101,69.6699,69.9572,49.4772,72.1706,4.53326,87.3536,8.10448,
3.28319,7.13971,80.7219,62.2475,1.06297,9.79892,60.7597,77.0318,5.69843,68.1548,53.7429,66.8308,81.7173,4.44373,4.11984,73.4554,
13.625,5.17429,0.0358429,14.1793,42.7577,2.88791,55.3549,67.228,0.93898,72.5421,6.56078,82.6259,4.45605,71.503,67.8684,39.2908,
44.0354,13.9388,46.6893,80.1497,79.1395,5.39761,6.40355,68.0499,56.5688,77.2918,17.0933,64.0076,4.9785,69.0898,57.6028,62.7959,
17.3413,77.1924,83.435,0.713242,78.4602,51.8779,49.1447,52.0059,8.65208,2.5433,68.1825,8.33691,11.5524,90.6121,60.74,3.33113,
80.0488,2.62897,1.98923,7.73412,2.14182,9.36673,18.9133,64.5805,14.8766,63.0326,64.4829,67.46,57.3454,80.1348,79.8463,62.0258,
16.5648,69.7642,62.9738,56.4124,57.8397,5.40366,76.6095,3.19818,55.8757,60.4116,5.75096,9.53026,46.4598,56.1037,61.0461,47.9288,
5.65079,0.264145,79.4173,9.20927,70.3523,76.165,61.166,8.25012,52.9609,1.67647,4.23015,11.1973,55.0974,1.98561,53.4591,62.6199,
75.1803,4.0287,70.5746,6.6606,64.451,6.73706,1.8302,7.99429,77.1482,78.5757,16.3051,63.295,7.79979,44.5998,2.78709,75.0829,
78.5803,8.3772,59.1581,44.5049,81.1142,54.3509,82.1933,49.1443,11.2594,72.0039,4.04967,75.8031,63.485,3.10782,1.15219,2.16212,
68.3224,79.9832,59.8193,69.3726,87.1569,73.9026,87.4274,77.6535,0.739883,63.7762,67.5023,57.4341,4.87326,0.428253,93.9022,3.70082,
77.8281,0.988342,58.7919,10.7293,12.6328,52.9016,5.02098,1.85965,75.6384,11.8094,9.75902,43.7217,4.47659,83.9177,1.82436,6.12784,
55.62,49.333,7.67973,76.1787,7.91234,9.83582,68.5585,46.8883,75.0217,14.4179,65.9181,11.5318,0.941055,2.56198,2.60196,64.5617,
90.5054,63.2303,4.86476,10.2306,4.49905,76.6288,58.6431,3.38541,2.2713,1.88042,64.8062,67.0239,70.7534,10.1651,66.6041,50.8981,
32.5323,63.0393,65.3851,2.01785,60.6859,90.1272,67.9812,1.62537,71.5136,5.53838,84.6527,53.3792,62.0256,59.3983,55.3415,83.755,
1.75281,4.6841,66.5301,5.89122,65.4296,0.967926,69.0521,63.1719,73.3032,11.2221,61.1627,61.3459,7.00542,0.358322,41.7493,4.60823,
71.3046,61.93,76.7083,57.7301,5.05179,63.1518,0.616211,3.84131,7.98904,58.4923,2.57088,11.9315,69.0489,5.52705,4.7309,2.91397,
0.971085,2.19069,2.679,55.2198,68.2589,70.9637,68.7017,9.91154,2.47586,65.9026,1.84457,3.18018,79.0659,2.69374,13.5428,74.4947,
1.5041,8.85435,88.1277,17.8355,3.4742,2.80937,0.98027,70.7469,2.49765,2.74672,5.96017,0.407074,3.02303,12.1905,5.90373,3.00552,
8.59097,72.805,60.1032,65.0183,16.234,10.1478,7.32802,69.1398,51.7538,6.95346,60.7301,2.80644,13.6216,2.6525,1.25803,60.6657,
77.9658,70.3722,94.5433,1.75876,10.3059,60.5877,71.6973,58.254,5.07671,2.91647,3.60016,15.1899,12.1608,16.5204,50.6271,63.786,
46.5919,54.5353,71.517,68.4859,6.73711,12.8966,77.4762,0.911957,7.1476,2.04532,61.6483,13.4903,3.00903,39.0802,2.23334,17.3575,
3.09941,64.3855,72.0269,3.836,6.63841,67.5836,14.4862,9.13274,1.67894,48.8389,53.748,59.2647,62.295,52.9524,5.27686,0.83493,
4.01729,84.7062,66.9827,3.15761,51.9368,64.4093,3.88771,63.5169,55.6953,2.40099,7.13875,62.9565,1.5206,3.03864,45.5142,6.37425,
8.90012,3.67943,8.63319,2.88788,86.0468,70.0891,13.9242,14.4082,69.6376,5.21898,65.5616,1.33932,2.97055,70.4469,9.85051,47.4019,
6.13113,5.07648,56.213,45.2443,63.7826,58.8726,34.4368,3.66736,13.4201,52.8806,56.5605,63.4572,4.13481,49.2398,4.54839,50.3722,
10.7051,8.43217,4.23109,73.4325,1.35027,1.38507,53.8992,0.410583,89.0468,10.7206,3.91197,74.065,63.3943,5.52573,4.87096,75.2066,
74.94,67.4791,5.04335,2.79092,2.9297,56.3564,75.2608,55.8945,51.5384,0.665375,5.54849,63.3327,4.71092,4.59056,3.15593,66.4742,
7.28123,66.2326,2.85432,50.3694,1.04646,9.00197,7.09848,55.1352,6.13467,51.5756,9.38623,8.97498,58.0221,12.0047,67.3624,1.26233,
58.3295,7.49568,5.92572,73.2242,2.6779,78.3906,8.08434,56.0328,62.4005,61.7212,1.87511,8.14534,55.7536,42.5331,92.9308,61.6117,
4.84991,1.86005,39.3799,7.13464,80.2205,54.0399,5.42285,65.345,2.12469,5.71539,71.4221,0.841125,77.7679,43.66,14.0611,53.2638,
72.3457,41.7993,7.2957,46.2434,8.79218,35.8209,7.48894,4.23032,1.492,3.75871,5.10478,88.9619,0.657654,65.9169,83.7798,79.9169,
2.26883,66.297,14.3719,83.9979,66.4243,2.39256,83.6829,75.3492,67.8339,3.69373,31.5047,64.3302,5.77446,7.27621,2.38266,53.8508,
9.36591,8.34351,52.3266,8.57193,17.7579,74.9118,80.8651,7.40909,3.73955,9.14633,1.95793,88.2168,55.9407,73.9195,52.0467,9.45129,
4.59779,9.14032,1.58743,6.96594,62.6829,58.9938,11.0769,63.156,75.3992,4.01968,60.2452,78.856,2.0381,87.3559,7.30275,43.2628,
77.0388,

--------------------------------
